서울역-강남역 [[1, 16, 19, 31, 33], [4, 19, 32, 24, 21], [9, 17, 26, 21, 27], [26, 41, 7, 17, 9], [60, 7, 16, 7, 10]]
우장산역-대명초교 [[19, 12, 22, 26, 21], [11, 24, 23, 22, 20], [12, 23, 21, 19, 25], [47, 21, 11, 11, 10], [11, 20, 23, 22, 24]]
신림역-수유사거리 [[3, 10, 19, 32, 36], [2, 15, 34, 28, 21], [20, 32, 12, 12, 24], [67, 14, 4, 11, 4], [8, 29, 31, 17, 15]]
영동대교북단-합정역 [[70, 26, 2, 1, 1], [29, 62, 7, 2, 0], [1, 5, 57, 29, 8], [0, 2, 6, 20, 72], [0, 5, 28, 48, 19]]
구로역-도봉역[[41, 26, 9, 10, 14], [17, 18, 27, 20, 18], [16, 16, 22, 21, 25], [5, 12, 18, 33, 32], [21, 28, 24, 16, 11]]
구로역-도봉역, 우장산역-대명초교는 결과가 이렇게 나오긴 했지만 p값에 따라서 시간에서는 거의 큰 차이가 없었음
영동대교북단-합정역은 시간으로 보나 1위를 한 횟수로 보나  p=0.25, p=0.5가 압도적임
